-2.269e+00,2.959e+00,7.809e+01,1.072e+02
-2.739e+00,3.392e+00,9.431e+01,1.150e+02
-2.182e+00,4.973e+00,1.177e+02,1.052e+02
-2.896e+00,4.401e+00,1.416e+02,6.426e+01
-2.438e+00,2.799e+00,1.030e+02,1.169e+02
-2.490e+00,2.254e+00,1.253e+02,1.019e+02
-2.052e+00,3.359e+00,9.195e+01,8.723e+01
-2.850e+00,3.281e+00,1.219e+02,1.448e+02
-2.650e+00,3.212e+00,7.794e+01,1.244e+02
-2.564e+00,2.772e+00,8.264e+01,8.650e+01
-2.000e+00,3.321e+00,1.318e+02,8.934e+01
-2.933e+00,4.905e+00,1.249e+02,1.468e+02
-2.474e+00,4.505e+00,9.030e+01,1.213e+02
-2.827e+00,4.520e+00,5.202e+01,8.833e+01
-2.698e+00,2.826e+00,1.020e+02,1.048e+02
-2.720e+00,3.570e+00,1.061e+02,7.275e+01
-2.714e+00,2.744e+00,1.497e+02,1.139e+02
-2.859e+00,4.987e+00,8.977e+01,1.368e+02
-2.987e+00,2.830e+00,9.352e+01,1.155e+02
-2.541e+00,4.308e+00,8.903e+01,1.275e+02
-2.100e+00,4.278e+00,7.096e+01,1.078e+02
-2.018e+00,3.192e+00,8.298e+01,6.679e+01
-2.793e+00,4.731e+00,9.789e+01,6.863e+01
-2.070e+00,2.726e+00,1.282e+02,5.045e+01
-2.008e+00,4.343e+00,7.689e+01,7.077e+01
-2.397e+00,2.414e+00,8.391e+01,1.332e+02
-2.957e+00,2.171e+00,8.598e+01,1.114e+02
-2.745e+00,3.210e+00,5.217e+01,1.427e+02
-2.358e+00,4.613e+00,5.574e+01,1.258e+02
-2.050e+00,3.639e+00,1.381e+02,1.447e+02
-2.129e+00,3.592e+00,9.679e+01,7.096e+01
-2.729e+00,4.273e+00,1.320e+02,1.492e+02
-2.040e+00,4.764e+00,1.480e+02,9.341e+01
-2.985e+00,4.759e+00,7.461e+01,1.238e+02
-2.297e+00,3.115e+00,1.027e+02,6.983e+01
-2.131e+00,4.672e+00,1.212e+02,1.075e+02
-2.355e+00,2.064e+00,9.719e+01,6.521e+01
-2.447e+00,2.740e+00,1.084e+02,7.069e+01
-2.141e+00,2.493e+00,8.929e+01,7.159e+01
-2.538e+00,2.754e+00,1.421e+02,7.558e+01
-2.202e+00,4.622e+00,1.335e+02,8.924e+01
-2.925e+00,3.980e+00,1.161e+02,1.359e+02
-2.588e+00,2.084e+00,1.187e+02,1.295e+02
-2.930e+00,2.431e+00,1.223e+02,1.034e+02
-2.708e+00,3.627e+00,9.183e+01,1.459e+02
-2.285e+00,4.132e+00,1.205e+02,5.288e+01
-2.313e+00,2.849e+00,1.207e+02,1.240e+02
-2.119e+00,3.597e+00,7.236e+01,5.940e+01
-2.487e+00,4.423e+00,7.204e+01,1.157e+02
-2.109e+00,2.815e+00,1.272e+02,1.363e+02
-2.002e+00,4.718e+00,1.120e+02,6.102e+01
-2.965e+00,3.881e+00,8.168e+01,1.117e+02
-2.972e+00,2.731e+00,1.049e+02,6.792e+01
-2.013e+00,4.064e+00,9.851e+01,1.450e+02
-2.998e+00,2.710e+00,5.755e+01,8.062e+01
-2.507e+00,2.583e+00,9.928e+01,1.205e+02
-2.374e+00,3.737e+00,6.356e+01,1.124e+02
-2.257e+00,4.798e+00,8.376e+01,6.167e+01
-2.566e+00,4.436e+00,1.415e+02,6.988e+01
-2.215e+00,2.322e+00,7.409e+01,1.331e+02
-2.642e+00,4.068e+00,6.978e+01,9.289e+01
-2.007e+00,4.031e+00,7.344e+01,8.458e+01
-2.968e+00,4.284e+00,1.366e+02,9.244e+01
-2.899e+00,4.004e+00,5.399e+01,1.051e+02
-2.110e+00,4.218e+00,1.364e+02,5.823e+01
-2.381e+00,2.776e+00,8.002e+01,1.183e+02
-2.193e+00,4.833e+00,8.412e+01,5.969e+01
-2.911e+00,3.577e+00,6.813e+01,1.363e+02
-2.506e+00,4.817e+00,8.722e+01,5.851e+01
-2.981e+00,3.586e+00,9.416e+01,5.198e+01
-2.622e+00,4.268e+00,1.362e+02,1.009e+02
-2.334e+00,3.303e+00,1.483e+02,9.047e+01
-2.075e+00,4.366e+00,5.651e+01,1.167e+02
-2.779e+00,2.033e+00,1.434e+02,6.850e+01
-2.022e+00,3.424e+00,7.628e+01,1.061e+02
-2.587e+00,2.403e+00,1.394e+02,8.440e+01
-2.917e+00,3.651e+00,1.301e+02,7.228e+01
-2.305e+00,3.960e+00,1.201e+02,9.665e+01
-2.461e+00,3.446e+00,1.086e+02,1.346e+02
-2.723e+00,2.213e+00,1.450e+02,1.308e+02
-2.712e+00,2.187e+00,6.605e+01,7.299e+01
-2.820e+00,4.202e+00,7.371e+01,8.959e+01
-2.156e+00,2.201e+00,1.492e+02,9.453e+01
-2.632e+00,2.358e+00,7.519e+01,1.121e+02
-2.666e+00,3.663e+00,1.419e+02,6.369e+01
-2.534e+00,3.888e+00,9.769e+01,7.296e+01
-2.250e+00,2.917e+00,1.384e+02,1.073e+02
-2.808e+00,3.024e+00,6.052e+01,1.427e+02
-2.753e+00,4.515e+00,1.106e+02,1.457e+02
-2.380e+00,3.944e+00,1.367e+02,6.304e+01
-2.824e+00,3.148e+00,1.481e+02,9.680e+01
-2.707e+00,4.046e+00,1.311e+02,1.293e+02
-2.375e+00,2.162e+00,9.688e+01,1.407e+02
-2.664e+00,3.848e+00,8.520e+01,1.454e+02
-2.892e+00,4.861e+00,1.388e+02,1.083e+02
-2.557e+00,3.242e+00,5.617e+01,8.777e+01
-2.775e+00,4.012e+00,1.276e+02,1.461e+02
-2.456e+00,3.745e+00,5.912e+01,1.090e+02
-2.575e+00,3.188e+00,8.479e+01,8.816e+01
-2.757e+00,3.073e+00,6.846e+01,1.017e+02
-2.613e+00,2.603e+00,1.156e+02,7.636e+01
-2.451e+00,3.338e+00,1.336e+02,1.263e+02
-2.460e+00,4.445e+00,6.728e+01,1.181e+02
-2.232e+00,4.945e+00,1.247e+02,1.001e+02
-2.059e+00,4.360e+00,6.074e+01,1.264e+02
-2.309e+00,3.766e+00,9.040e+01,6.752e+01
-2.100e+00,3.347e+00,5.634e+01,1.474e+02
-2.677e+00,4.899e+00,5.766e+01,9.762e+01
-2.532e+00,4.539e+00,9.152e+01,1.475e+02
-2.439e+00,3.671e+00,1.137e+02,5.790e+01
-2.702e+00,2.192e+00,9.117e+01,5.542e+01
-2.760e+00,2.828e+00,7.214e+01,7.126e+01
-2.200e+00,4.554e+00,1.170e+02,1.066e+02
-2.655e+00,4.678e+00,8.334e+01,1.122e+02
-2.612e+00,3.466e+00,5.874e+01,9.799e+01
-2.070e+00,3.617e+00,5.601e+01,1.286e+02
-2.764e+00,3.276e+00,1.104e+02,7.120e+01
-2.191e+00,3.550e+00,9.637e+01,1.036e+02
-2.635e+00,4.317e+00,1.372e+02,1.089e+02
-2.128e+00,3.823e+00,6.425e+01,7.483e+01
-2.165e+00,4.465e+00,8.860e+01,9.927e+01
-2.475e+00,2.019e+00,1.046e+02,1.314e+02
-2.031e+00,2.663e+00,1.326e+02,1.286e+02
-2.537e+00,2.198e+00,5.895e+01,1.361e+02
-2.547e+00,2.399e+00,7.858e+01,9.842e+01
-2.649e+00,2.748e+00,1.112e+02,1.303e+02
-2.328e+00,4.887e+00,9.711e+01,8.363e+01
-2.560e+00,2.635e+00,1.009e+02,1.197e+02
-2.763e+00,4.580e+00,1.053e+02,6.276e+01
-2.477e+00,3.225e+00,1.189e+02,6.062e+01
-2.171e+00,3.714e+00,6.885e+01,6.341e+01
-2.175e+00,2.449e+00,1.452e+02,6.488e+01
-2.854e+00,3.833e+00,1.022e+02,1.143e+02
-2.285e+00,4.037e+00,7.186e+01,9.226e+01
-2.163e+00,2.353e+00,7.869e+01,5.933e+01
-2.249e+00,2.734e+00,1.097e+02,1.080e+02
-2.816e+00,2.144e+00,1.259e+02,1.420e+02
-2.865e+00,4.009e+00,9.302e+01,7.922e+01
-2.504e+00,2.922e+00,8.884e+01,1.482e+02
-2.897e+00,4.838e+00,1.468e+02,1.229e+02
-2.363e+00,4.379e+00,1.200e+02,1.101e+02
-2.187e+00,3.781e+00,1.128e+02,1.133e+02
-2.135e+00,4.040e+00,1.444e+02,1.076e+02
-2.901e+00,4.477e+00,1.085e+02,8.297e+01
-2.632e+00,3.326e+00,5.525e+01,1.202e+02
-2.862e+00,4.558e+00,7.021e+01,6.144e+01
-2.860e+00,4.188e+00,1.262e+02,7.887e+01
-2.287e+00,2.891e+00,1.008e+02,7.621e+01
-2.180e+00,3.682e+00,5.285e+01,7.645e+01
-2.170e+00,4.895e+00,1.343e+02,1.156e+02
-2.491e+00,2.385e+00,5.031e+01,1.341e+02
-2.148e+00,4.844e+00,9.625e+01,8.340e+01
-2.260e+00,2.222e+00,7.281e+01,1.465e+02
-2.592e+00,2.546e+00,1.313e+02,1.030e+02
-2.516e+00,4.940e+00,5.496e+01,1.496e+02
-2.870e+00,3.546e+00,1.175e+02,1.346e+02
-2.430e+00,4.412e+00,1.214e+02,8.686e+01
-2.229e+00,2.629e+00,9.257e+01,8.537e+01
-2.366e+00,2.845e+00,6.131e+01,7.761e+01
-2.081e+00,3.108e+00,9.529e+01,1.041e+02
-2.602e+00,4.088e+00,5.883e+01,9.902e+01
-2.619e+00,3.490e+00,6.219e+01,9.853e+01
-2.026e+00,3.725e+00,1.186e+02,5.306e+01
-2.469e+00,3.559e+00,9.376e+01,9.955e+01
-2.581e+00,3.442e+00,5.132e+01,1.323e+02
-2.494e+00,4.432e+00,1.167e+02,1.408e+02
-2.970e+00,3.036e+00,7.788e+01,1.184e+02
-2.523e+00,2.026e+00,1.385e+02,7.103e+01
-2.823e+00,3.975e+00,6.762e+01,6.610e+01
-2.921e+00,2.520e+00,1.132e+02,1.109e+02
-2.940e+00,3.474e+00,1.122e+02,5.727e+01
-2.624e+00,4.643e+00,1.080e+02,1.494e+02
-2.073e+00,3.937e+00,6.410e+01,1.357e+02
-2.246e+00,4.851e+00,1.063e+02,9.158e+01
-2.710e+00,2.096e+00,1.236e+02,1.208e+02
-2.725e+00,4.125e+00,1.152e+02,1.306e+02
-2.609e+00,2.624e+00,1.119e+02,8.201e+01
-2.856e+00,2.505e+00,1.343e+02,1.220e+02
-2.290e+00,3.580e+00,5.387e+01,1.357e+02
-2.511e+00,4.081e+00,1.095e+02,1.280e+02
-2.356e+00,3.410e+00,8.808e+01,1.122e+02
-2.019e+00,2.941e+00,1.260e+02,1.456e+02
-2.749e+00,3.788e+00,1.126e+02,6.866e+01
-2.274e+00,2.509e+00,5.248e+01,1.479e+02
-2.121e+00,2.694e+00,5.051e+01,6.827e+01
-2.406e+00,4.512e+00,9.328e+01,1.180e+02
-2.835e+00,2.801e+00,5.483e+01,6.154e+01
-2.747e+00,3.688e+00,6.766e+01,1.434e+02
-2.205e+00,2.056e+00,5.424e+01,8.230e+01
-2.670e+00,2.517e+00,8.939e+01,5.476e+01
-2.404e+00,4.923e+00,9.761e+01,1.326e+02
-2.579e+00,4.455e+00,6.299e+01,1.395e+02
-2.547e+00,3.543e+00,1.442e+02,9.094e+01
-2.695e+00,4.951e+00,8.561e+01,8.780e+01
-2.975e+00,3.634e+00,8.517e+01,6.456e+01
-2.614e+00,2.289e+00,9.922e+01,1.107e+02
-2.434e+00,3.565e+00,7.165e+01,1.053e+02
-2.931e+00,4.275e+00,8.467e+01,1.033e+02
-2.233e+00,3.274e+00,9.454e+01,1.459e+02
-2.361e+00,4.812e+00,7.975e+01,6.572e+01
-2.543e+00,4.370e+00,1.443e+02,1.118e+02
-2.393e+00,2.329e+00,1.278e+02,6.259e+01
-2.240e+00,2.650e+00,1.426e+02,8.015e+01
-2.108e+00,4.189e+00,9.228e+01,5.249e+01
-2.088e+00,3.675e+00,1.300e+02,7.818e+01
-2.732e+00,3.905e+00,1.159e+02,1.441e+02
-2.966e+00,4.239e+00,1.238e+02,1.234e+02
-2.493e+00,3.555e+00,1.230e+02,8.216e+01
-2.503e+00,3.601e+00,1.499e+02,1.161e+02
-2.800e+00,3.331e+00,8.845e+01,5.801e+01
-2.988e+00,3.698e+00,7.736e+01,1.000e+02
-2.162e+00,4.880e+00,1.293e+02,1.372e+02
-2.778e+00,4.859e+00,1.289e+02,7.669e+01
-2.778e+00,4.876e+00,1.446e+02,1.082e+02
-2.959e+00,3.772e+00,5.155e+01,1.131e+02
-2.539e+00,4.603e+00,1.368e+02,1.218e+02
-2.829e+00,4.611e+00,9.967e+01,1.383e+02
-2.991e+00,4.473e+00,8.540e+01,9.007e+01
-2.364e+00,4.902e+00,6.114e+01,9.360e+01
-2.858e+00,4.156e+00,8.555e+01,5.504e+01
-2.792e+00,4.965e+00,8.625e+01,1.055e+02
-2.786e+00,2.590e+00,1.203e+02,7.890e+01
-2.593e+00,4.591e+00,1.267e+02,1.005e+02
-2.420e+00,3.016e+00,1.089e+02,6.898e+01
-2.455e+00,3.352e+00,6.470e+01,1.125e+02
-2.214e+00,4.803e+00,1.474e+02,1.463e+02
-2.028e+00,2.788e+00,1.207e+02,1.301e+02
-2.316e+00,4.750e+00,1.147e+02,9.015e+01
-2.203e+00,3.861e+00,9.342e+01,9.107e+01
-2.783e+00,3.249e+00,1.069e+02,1.489e+02
-2.877e+00,2.044e+00,1.197e+02,8.128e+01
-2.531e+00,2.244e+00,9.016e+01,1.267e+02
-2.573e+00,4.167e+00,1.463e+02,1.026e+02
-2.382e+00,2.887e+00,1.108e+02,1.500e+02
-2.735e+00,2.726e+00,8.188e+01,1.490e+02
-2.367e+00,3.883e+00,8.350e+01,5.328e+01
-2.349e+00,3.195e+00,8.875e+01,6.786e+01
-2.820e+00,3.131e+00,1.316e+02,7.869e+01
-2.738e+00,3.812e+00,9.072e+01,8.733e+01
-2.641e+00,3.261e+00,5.145e+01,1.297e+02
-2.879e+00,3.062e+00,9.982e+01,9.586e+01
-2.238e+00,2.555e+00,6.271e+01,6.636e+01
-2.330e+00,4.298e+00,9.883e+01,8.049e+01
-2.727e+00,2.876e+00,1.110e+02,1.248e+02
-2.626e+00,3.134e+00,1.476e+02,7.219e+01
-2.807e+00,2.657e+00,1.460e+02,9.714e+01
-2.083e+00,3.144e+00,9.805e+01,1.108e+02
-2.691e+00,4.450e+00,1.495e+02,9.599e+01
-2.102e+00,4.224e+00,1.404e+02,1.328e+02
-2.219e+00,4.263e+00,5.984e+01,1.486e+02
-2.091e+00,3.014e+00,1.400e+02,9.203e+01
-2.329e+00,3.386e+00,1.277e+02,5.747e+01
-2.651e+00,4.918e+00,1.286e+02,1.418e+02
-2.045e+00,4.683e+00,1.082e+02,9.493e+01
-2.308e+00,3.784e+00,7.425e+01,9.177e+01
-2.305e+00,3.395e+00,8.765e+01,5.364e+01
-2.391e+00,4.483e+00,1.091e+02,5.853e+01
-2.953e+00,4.960e+00,1.118e+02,1.104e+02
-2.782e+00,3.337e+00,7.321e+01,6.497e+01
-2.293e+00,4.334e+00,6.199e+01,8.325e+01
-2.696e+00,3.749e+00,7.942e+01,7.719e+01
-2.541e+00,3.799e+00,1.438e+02,7.039e+01
-2.228e+00,3.040e+00,6.253e+01,8.705e+01
-2.816e+00,2.812e+00,1.048e+02,1.425e+02
-2.372e+00,2.466e+00,8.062e+01,8.117e+01
-2.814e+00,4.389e+00,1.152e+02,7.514e+01
-2.151e+00,3.770e+00,1.392e+02,1.382e+02
-2.758e+00,3.175e+00,1.024e+02,7.680e+01
-2.168e+00,2.138e+00,1.165e+02,1.462e+02
-2.811e+00,3.856e+00,1.088e+02,5.988e+01
-2.263e+00,4.251e+00,7.655e+01,1.306e+02
-2.700e+00,3.658e+00,7.485e+01,1.401e+02
-2.839e+00,4.922e+00,8.144e+01,6.219e+01
-2.929e+00,2.619e+00,1.270e+02,1.350e+02
-2.066e+00,3.793e+00,9.554e+01,8.583e+01
-2.887e+00,4.979e+00,8.747e+01,9.671e+01
-2.414e+00,3.316e+00,1.407e+02,8.387e+01
-2.811e+00,3.078e+00,1.188e+02,6.128e+01
-2.385e+00,3.065e+00,1.470e+02,8.261e+01
-2.211e+00,4.304e+00,8.157e+01,8.050e+01
-2.833e+00,4.184e+00,7.140e+01,9.127e+01
-2.064e+00,2.027e+00,1.298e+02,8.679e+01
-2.338e+00,2.051e+00,5.410e+01,8.842e+01
-2.251e+00,3.744e+00,7.573e+01,1.429e+02
-2.190e+00,3.284e+00,7.840e+01,1.288e+02
-2.631e+00,2.808e+00,1.466e+02,1.254e+02
-2.521e+00,3.325e+00,1.386e+02,9.899e+01
-2.586e+00,2.307e+00,9.537e+01,9.258e+01
-2.093e+00,4.480e+00,1.042e+02,6.467e+01
-2.097e+00,3.971e+00,7.389e+01,8.399e+01
-2.410e+00,3.828e+00,1.012e+02,5.511e+01
-2.941e+00,2.940e+00,8.651e+01,9.884e+01
-2.935e+00,4.356e+00,1.356e+02,1.316e+02
-2.450e+00,3.947e+00,1.019e+02,9.508e+01
-2.524e+00,4.770e+00,1.231e+02,5.641e+01
-2.082e+00,2.911e+00,7.111e+01,8.606e+01
-2.996e+00,4.460e+00,1.027e+02,1.417e+02
-2.498e+00,3.094e+00,1.029e+02,5.701e+01
-2.462e+00,3.248e+00,1.092e+02,5.664e+01
-2.568e+00,2.867e+00,1.425e+02,1.476e+02
-2.401e+00,2.317e+00,1.227e+02,1.262e+02
-2.876e+00,2.867e+00,5.975e+01,1.273e+02
-2.564e+00,4.486e+00,7.833e+01,1.008e+02
-2.502e+00,3.288e+00,9.583e+01,5.112e+01
-2.679e+00,3.376e+00,5.619e+01,1.403e+02
-2.529e+00,2.646e+00,7.401e+01,1.113e+02
-2.991e+00,3.531e+00,1.311e+02,1.214e+02
-2.756e+00,2.112e+00,9.406e+01,1.257e+02
-2.208e+00,4.998e+00,6.632e+01,7.270e+01
-2.098e+00,3.124e+00,1.433e+02,1.391e+02
-2.968e+00,4.511e+00,1.155e+02,1.283e+02
-2.802e+00,3.502e+00,6.858e+01,1.060e+02
-2.963e+00,2.475e+00,1.147e+02,7.244e+01
-2.954e+00,4.160e+00,1.221e+02,6.372e+01
-2.478e+00,4.637e+00,1.345e+02,5.242e+01
-2.970e+00,3.368e+00,1.215e+02,6.477e+01
-2.814e+00,2.257e+00,1.056e+02,1.388e+02
-2.294e+00,2.120e+00,7.593e+01,6.653e+01
-2.003e+00,3.648e+00,1.201e+02,1.040e+02
-2.145e+00,4.819e+00,6.906e+01,1.134e+02
-2.342e+00,4.704e+00,9.691e+01,8.428e+01
-2.482e+00,4.470e+00,6.360e+01,9.865e+01
-2.846e+00,2.953e+00,1.044e+02,6.694e+01
-2.488e+00,3.523e+00,1.375e+02,1.424e+02
-2.435e+00,3.709e+00,1.225e+02,7.752e+01
-2.442e+00,2.376e+00,7.958e+01,6.235e+01
-2.872e+00,2.362e+00,7.651e+01,1.039e+02
-2.673e+00,4.459e+00,1.403e+02,7.506e+01
-2.910e+00,4.059e+00,7.332e+01,5.530e+01
-2.166e+00,4.137e+00,1.281e+02,5.908e+01
-2.784e+00,3.873e+00,8.791e+01,6.764e+01
-2.176e+00,2.835e+00,8.129e+01,1.256e+02
-2.041e+00,3.893e+00,9.235e+01,6.581e+01
-2.058e+00,2.136e+00,1.269e+02,9.219e+01
-2.016e+00,4.348e+00,1.033e+02,1.031e+02
-2.873e+00,4.144e+00,1.459e+02,6.419e+01
-2.804e+00,2.078e+00,7.479e+01,8.811e+01
-2.766e+00,3.754e+00,6.996e+01,5.097e+01
-2.230e+00,4.017e+00,1.363e+02,8.106e+01
-2.983e+00,2.218e+00,8.694e+01,6.688e+01
-2.486e+00,3.052e+00,1.287e+02,1.058e+02
-2.554e+00,2.150e+00,5.707e+01,1.335e+02
-2.716e+00,3.234e+00,1.143e+02,9.383e+01
-2.141e+00,2.712e+00,1.489e+02,1.416e+02
-2.522e+00,2.270e+00,6.687e+01,1.385e+02
-2.254e+00,4.072e+00,5.698e+01,1.317e+02
-2.032e+00,2.490e+00,6.027e+01,9.401e+01
-2.936e+00,4.498e+00,6.520e+01,1.334e+02
-2.092e+00,2.454e+00,1.006e+02,1.241e+02
-2.938e+00,3.572e+00,1.448e+02,9.538e+01
-2.281e+00,2.485e+00,9.102e+01,1.176e+02
-2.241e+00,2.060e+00,5.300e+01,9.530e+01
-2.479e+00,4.535e+00,5.001e+01,1.143e+02
-2.836e+00,3.853e+00,1.458e+02,9.147e+01
-2.634e+00,3.608e+00,1.198e+02,1.003e+02
-2.790e+00,3.620e+00,1.363e+02,8.530e+01
-2.699e+00,4.145e+00,6.792e+01,1.045e+02
-2.383e+00,3.493e+00,5.245e+01,1.433e+02
-2.801e+00,2.323e+00,8.029e+01,1.172e+02
-2.511e+00,2.380e+00,5.016e+01,5.007e+01
-2.774e+00,4.792e+00,1.440e+02,5.407e+01
-2.086e+00,2.589e+00,1.163e+02,6.183e+01
-2.692e+00,4.692e+00,1.204e+02,1.321e+02
-2.341e+00,4.607e+00,1.337e+02,1.223e+02
-2.009e+00,2.429e+00,1.145e+02,1.311e+02
-2.955e+00,4.541e+00,7.742e+01,1.325e+02
-2.413e+00,2.342e+00,5.070e+01,1.422e+02
-2.917e+00,4.854e+00,1.409e+02,7.693e+01
-2.464e+00,2.208e+00,1.015e+02,1.211e+02
-2.411e+00,4.616e+00,5.829e+01,1.296e+02
-2.605e+00,2.484e+00,7.673e+01,8.993e+01
-2.159e+00,2.972e+00,1.133e+02,1.056e+02
-2.515e+00,3.089e+00,8.199e+01,8.236e+01
-2.952e+00,3.988e+00,9.793e+01,6.720e+01
-2.480e+00,2.675e+00,9.387e+01,9.717e+01
-2.029e+00,3.804e+00,6.173e+01,6.401e+01
-2.679e+00,4.847e+00,7.556e+01,1.170e+02
-2.833e+00,4.990e+00,1.462e+02,9.775e+01
-2.531e+00,3.027e+00,1.309e+02,9.189e+01
-2.693e+00,2.301e+00,1.389e+02,5.390e+01
-2.026e+00,4.736e+00,8.817e+01,1.064e+02
-2.333e+00,2.768e+00,8.425e+01,7.370e+01
-2.851e+00,4.525e+00,1.406e+02,1.185e+02
-2.518e+00,2.410e+00,9.891e+01,1.446e+02
-2.583e+00,3.762e+00,5.364e+01,6.888e+01
-2.672e+00,3.992e+00,1.073e+02,7.478e+01
-2.749e+00,2.107e+00,6.444e+01,5.776e+01
-2.920e+00,3.469e+00,1.423e+02,5.490e+01
-2.104e+00,4.678e+00,8.573e+01,5.675e+01
-2.303e+00,3.416e+00,8.291e+01,1.210e+02
-2.607e+00,4.914e+00,5.680e+01,1.283e+02
-2.331e+00,4.372e+00,8.783e+01,1.085e+02
-2.894e+00,3.159e+00,1.438e+02,7.423e+01
-2.838e+00,2.395e+00,7.290e+01,1.415e+02
-2.458e+00,2.929e+00,1.449e+02,1.175e+02
-2.687e+00,4.089e+00,1.407e+02,5.145e+01
-2.277e+00,3.241e+00,8.250e+01,5.027e+01
-2.855e+00,3.372e+00,1.135e+02,9.270e+01
-2.657e+00,4.208e+00,9.734e+01,6.030e+01
-2.387e+00,3.438e+00,1.068e+02,7.018e+01
-2.556e+00,2.469e+00,6.618e+01,8.547e+01
-2.761e+00,3.928e+00,1.289e+02,1.012e+02
-2.747e+00,2.796e+00,6.970e+01,5.279e+01
-2.909e+00,4.245e+00,8.959e+01,6.231e+01
-2.904e+00,4.303e+00,5.226e+01,9.053e+01
-2.231e+00,4.112e+00,5.335e+01,5.070e+01
-2.600e+00,3.958e+00,1.018e+02,1.221e+02
-2.195e+00,3.835e+00,9.008e+01,6.352e+01
-2.639e+00,4.041e+00,1.267e+02,1.285e+02
-2.112e+00,3.480e+00,1.034e+02,1.299e+02
-2.407e+00,3.099e+00,1.377e+02,1.442e+02
-2.043e+00,4.099e+00,1.304e+02,8.970e+01
-2.924e+00,3.874e+00,6.573e+01,5.603e+01
-2.011e+00,3.381e+00,7.439e+01,1.321e+02
-2.211e+00,4.296e+00,9.868e+01,7.607e+01
-2.246e+00,3.702e+00,8.278e+01,1.193e+02
-2.038e+00,2.594e+00,9.169e+01,1.092e+02
-2.326e+00,3.343e+00,1.211e+02,1.102e+02
-2.549e+00,2.314e+00,1.253e+02,1.119e+02
-2.181e+00,2.155e+00,8.775e+01,5.620e+01
-2.605e+00,3.180e+00,9.608e+01,1.355e+02
-2.389e+00,2.240e+00,9.124e+01,1.166e+02
-2.155e+00,3.162e+00,1.402e+02,8.347e+01
-2.646e+00,4.873e+00,1.256e+02,5.378e+01
-2.977e+00,4.709e+00,7.601e+01,7.833e+01
-2.274e+00,4.394e+00,5.108e+01,1.290e+02
-2.886e+00,4.561e+00,7.546e+01,1.312e+02
-2.724e+00,4.588e+00,1.271e+02,1.238e+02
-2.054e+00,2.367e+00,1.275e+02,1.389e+02
-2.133e+00,4.760e+00,1.477e+02,5.314e+01
-2.255e+00,2.838e+00,1.305e+02,7.001e+01
-2.095e+00,3.231e+00,1.391e+02,6.551e+01
-2.386e+00,4.149e+00,5.451e+01,6.016e+01
-2.446e+00,3.300e+00,1.162e+02,1.247e+02
-2.662e+00,2.981e+00,8.741e+01,8.374e+01
-2.722e+00,3.707e+00,6.548e+01,1.147e+02
-2.126e+00,2.855e+00,1.140e+02,1.410e+02
-2.656e+00,3.215e+00,1.353e+02,1.468e+02
-2.077e+00,3.925e+00,8.079e+01,7.137e+01
-2.743e+00,3.059e+00,6.389e+01,9.696e+01
-2.659e+00,2.613e+00,1.297e+02,1.207e+02
-2.846e+00,4.155e+00,1.014e+02,1.099e+02
-2.324e+00,4.807e+00,8.686e+01,1.065e+02
-2.357e+00,4.108e+00,1.227e+02,1.260e+02
-2.063e+00,4.228e+00,7.633e+01,5.174e+01
-2.243e+00,2.439e+00,1.055e+02,1.198e+02
-2.891e+00,3.428e+00,1.159e+02,9.437e+01
-2.265e+00,3.839e+00,1.456e+02,7.930e+01
-2.616e+00,2.416e+00,9.205e+01,6.050e+01
-2.134e+00,2.513e+00,5.950e+01,7.982e+01
-2.307e+00,2.087e+00,1.396e+02,5.922e+01
-2.950e+00,2.560e+00,1.004e+02,1.130e+02
-2.143e+00,2.237e+00,5.808e+01,1.115e+02
-2.686e+00,3.596e+00,1.011e+02,6.630e+01
-2.476e+00,2.228e+00,1.243e+02,1.174e+02
-2.033e+00,2.749e+00,1.130e+02,1.043e+02
-2.096e+00,2.925e+00,8.496e+01,7.536e+01
-2.973e+00,2.448e+00,1.319e+02,1.057e+02
-2.465e+00,4.106e+00,1.192e+02,5.057e+01
-2.637e+00,2.578e+00,8.216e+01,1.393e+02
-2.426e+00,3.201e+00,9.060e+01,1.269e+02
-2.024e+00,3.414e+00,1.451e+02,5.431e+01
-2.403e+00,2.966e+00,5.326e+01,1.236e+02
-2.123e+00,4.444e+00,1.461e+02,1.225e+02
-2.320e+00,4.654e+00,7.184e+01,1.471e+02
-2.730e+00,2.245e+00,1.398e+02,1.135e+02
-2.327e+00,2.419e+00,1.400e+02,1.399e+02
-2.718e+00,2.001e+00,1.255e+02,1.419e+02
-2.012e+00,4.755e+00,8.247e+01,8.879e+01
-2.378e+00,2.950e+00,9.988e+01,7.370e+01
-2.528e+00,3.292e+00,8.117e+01,1.452e+02
-2.353e+00,3.809e+00,1.113e+02,1.281e+02
-2.248e+00,3.984e+00,1.184e+02,7.939e+01
-2.519e+00,2.207e+00,9.477e+01,5.015e+01
-2.938e+00,4.242e+00,5.382e+01,8.908e+01
-2.596e+00,4.325e+00,6.321e+01,1.171e+02
-2.868e+00,4.715e+00,1.063e+02,7.463e+01
-2.321e+00,4.771e+00,1.066e+02,1.209e+02
-2.168e+00,4.548e+00,1.013e+02,1.137e+02
-2.616e+00,4.256e+00,1.124e+02,1.159e+02
-2.682e+00,2.684e+00,7.933e+01,7.436e+01
-2.653e+00,2.169e+00,1.209e+02,1.000e+02
-2.198e+00,3.430e+00,9.137e+01,9.972e+01
-2.492e+00,3.510e+00,1.116e+02,1.128e+02
-2.944e+00,3.719e+00,1.280e+02,1.431e+02
-2.871e+00,3.535e+00,8.013e+01,5.150e+01
-2.545e+00,4.027e+00,9.287e+01,1.140e+02
-2.626e+00,2.463e+00,1.179e+02,1.472e+02
-2.681e+00,2.045e+00,6.371e+01,1.081e+02
-2.396e+00,2.293e+00,5.543e+01,1.290e+02
-2.432e+00,4.083e+00,7.075e+01,7.806e+01
-2.467e+00,3.718e+00,6.064e+01,7.788e+01
-2.264e+00,3.694e+00,6.518e+01,7.335e+01
-2.174e+00,3.126e+00,1.372e+02,6.261e+01
-2.902e+00,3.307e+00,9.309e+01,9.085e+01
-2.074e+00,2.444e+00,1.032e+02,1.068e+02
-2.207e+00,4.632e+00,7.508e+01,8.253e+01
-2.906e+00,3.968e+00,7.823e+01,1.370e+02
-2.444e+00,2.532e+00,1.129e+02,7.399e+01
-2.551e+00,2.132e+00,1.075e+02,1.312e+02
-2.942e+00,4.164e+00,7.881e+01,8.408e+01
-2.885e+00,4.529e+00,6.864e+01,9.810e+01
-2.703e+00,4.120e+00,6.000e+01,6.964e+01
-2.997e+00,2.692e+00,1.000e+02,1.318e+02
-2.076e+00,3.936e+00,8.368e+01,8.160e+01
-2.471e+00,4.024e+00,6.243e+01,1.438e+02
-2.283e+00,3.401e+00,5.583e+01,1.245e+02
-2.978e+00,3.740e+00,1.257e+02,6.831e+01
-2.298e+00,2.986e+00,1.493e+02,1.266e+02
-2.853e+00,4.489e+00,1.261e+02,5.545e+01
-2.315e+00,2.270e+00,5.093e+01,5.613e+01
-2.259e+00,2.633e+00,1.168e+02,9.308e+01
-2.767e+00,2.643e+00,1.314e+02,1.051e+02
-2.158e+00,3.869e+00,1.354e+02,7.413e+01
-2.771e+00,3.506e+00,6.533e+01,1.190e+02
-2.884e+00,3.914e+00,1.471e+02,1.371e+02
-2.668e+00,2.372e+00,8.057e+01,1.027e+02
-2.292e+00,4.388e+00,1.252e+02,1.141e+02
-2.061e+00,2.181e+00,9.819e+01,8.869e+01
-2.199e+00,3.562e+00,1.185e+02,6.598e+01
-2.569e+00,4.837e+00,6.037e+01,6.081e+01
-2.160e+00,2.250e+00,1.330e+02,6.096e+01
-2.879e+00,2.914e+00,1.379e+02,1.015e+02
-2.080e+00,4.420e+00,8.609e+01,1.391e+02
-2.496e+00,4.685e+00,7.263e+01,1.095e+02
-2.776e+00,3.117e+00,7.135e+01,1.225e+02
-2.866e+00,4.055e+00,7.029e+01,9.031e+01
-2.603e+00,2.570e+00,1.487e+02,6.710e+01
-2.861e+00,4.794e+00,1.214e+02,1.275e+02
-2.817e+00,3.220e+00,1.455e+02,1.384e+02
-2.343e+00,2.573e+00,1.264e+02,7.708e+01
-2.945e+00,2.878e+00,1.303e+02,8.858e+01
-2.934e+00,2.148e+00,1.138e+02,1.012e+02
-2.117e+00,4.292e+00,5.185e+01,5.260e+01
-2.797e+00,3.107e+00,7.047e+01,6.564e+01
-2.016e+00,2.194e+00,1.446e+02,1.404e+02
-2.949e+00,4.721e+00,5.270e+01,9.629e+01
-2.118e+00,4.668e+00,6.345e+01,5.435e+01
-2.004e+00,4.870e+00,1.237e+02,9.985e+01
-2.144e+00,3.669e+00,1.475e+02,1.466e+02
-2.550e+00,2.345e+00,7.716e+01,1.199e+02
-2.875e+00,2.841e+00,1.322e+02,8.287e+01
-2.754e+00,2.566e+00,1.248e+02,7.054e+01
-2.452e+00,4.178e+00,9.748e+01,9.429e+01
-2.311e+00,3.604e+00,9.602e+01,1.046e+02
-2.744e+00,2.286e+00,1.059e+02,1.273e+02
-2.660e+00,4.266e+00,9.651e+01,6.774e+01
-2.734e+00,2.599e+00,1.264e+02,1.454e+02
-2.906e+00,4.651e+00,1.418e+02,1.162e+02
-2.291e+00,3.655e+00,1.041e+02,7.664e+01
-2.020e+00,3.847e+00,1.360e+02,9.557e+01
-2.665e+00,2.391e+00,5.355e+01,5.334e+01
-2.346e+00,3.538e+00,6.496e+01,6.923e+01
-2.031e+00,3.384e+00,1.134e+02,1.201e+02
-2.194e+00,3.933e+00,6.163e+01,1.069e+02
-2.993e+00,3.093e+00,1.098e+02,9.549e+01
-2.340e+00,3.205e+00,1.172e+02,1.441e+02
-2.269e+00,3.901e+00,1.194e+02,8.764e+01
-2.684e+00,3.485e+00,7.225e+01,1.451e+02
-2.432e+00,2.351e+00,5.999e+01,1.233e+02
-2.224e+00,2.282e+00,1.144e+02,8.502e+01
-2.243e+00,3.173e+00,1.241e+02,5.186e+01
-2.552e+00,3.518e+00,6.941e+01,1.228e+02
-2.889e+00,2.534e+00,1.242e+02,5.560e+01
-2.113e+00,4.563e+00,1.295e+02,1.217e+02
-2.948e+00,4.418e+00,7.121e+01,1.302e+02
-2.661e+00,4.968e+00,7.354e+01,1.097e+02
-2.186e+00,3.006e+00,7.896e+01,1.085e+02
-2.015e+00,2.364e+00,6.605e+01,6.045e+01
-2.453e+00,3.615e+00,6.406e+01,7.588e+01
-2.683e+00,4.889e+00,1.486e+02,5.168e+01
-2.422e+00,4.994e+00,5.280e+01,1.344e+02
-2.830e+00,2.872e+00,1.420e+02,1.007e+02
-2.312e+00,3.455e+00,1.410e+02,8.655e+01
-2.124e+00,2.578e+00,1.302e+02,9.501e+01
-2.598e+00,3.254e+00,1.341e+02,1.070e+02
-2.578e+00,2.527e+00,1.478e+02,8.082e+01
-2.218e+00,2.946e+00,5.660e+01,1.443e+02
-2.057e+00,2.456e+00,6.675e+01,1.205e+02
-2.499e+00,2.525e+00,6.893e+01,1.477e+02
-2.590e+00,2.263e+00,1.308e+02,1.359e+02
-2.415e+00,2.705e+00,1.322e+02,1.380e+02
-2.037e+00,3.311e+00,1.173e+02,9.379e+01
-2.927e+00,4.346e+00,1.171e+02,5.979e+01
-2.569e+00,3.624e+00,8.323e+01,1.230e+02
-2.620e+00,3.801e+00,5.800e+01,6.292e+01
-2.084e+00,2.263e+00,6.222e+01,9.274e+01
-2.697e+00,2.699e+00,1.078e+02,1.103e+02
-2.213e+00,2.720e+00,5.565e+01,8.480e+01
-2.913e+00,2.758e+00,1.424e+02,1.096e+02
-2.629e+00,3.103e+00,1.244e+02,1.235e+02
-2.365e+00,4.173e+00,1.150e+02,1.369e+02
-2.928e+00,4.531e+00,9.949e+01,5.454e+01
-2.300e+00,2.015e+00,1.350e+02,7.791e+01
-2.514e+00,3.520e+00,1.115e+02,1.349e+02
-2.449e+00,2.009e+00,6.448e+01,1.138e+02
-2.961e+00,2.790e+00,5.853e+01,1.165e+02
-2.023e+00,4.784e+00,1.216e+02,5.589e+01
-2.555e+00,3.451e+00,1.394e+02,1.022e+02
-2.983e+00,4.230e+00,1.002e+02,1.014e+02
-2.053e+00,4.006e+00,7.504e+01,1.196e+02
-2.713e+00,2.556e+00,1.464e+02,1.249e+02
-2.893e+00,4.093e+00,1.239e+02,5.108e+01
-2.888e+00,3.894e+00,7.975e+01,1.381e+02
-2.354e+00,2.617e+00,1.396e+02,5.879e+01
-2.122e+00,4.289e+00,8.110e+01,1.354e+02
-2.719e+00,2.220e+00,1.292e+02,9.411e+01
-2.849e+00,4.788e+00,1.036e+02,7.032e+01
-2.048e+00,2.055e+00,9.852e+01,5.713e+01
-2.986e+00,4.698e+00,7.065e+01,6.325e+01
-2.209e+00,2.640e+00,5.041e+01,1.018e+02
-2.526e+00,4.740e+00,8.672e+01,9.322e+01
-2.270e+00,2.165e+00,1.296e+02,1.044e+02
-2.497e+00,3.406e+00,6.583e+01,1.298e+02
-2.975e+00,4.723e+00,7.449e+01,1.342e+02
-2.881e+00,3.031e+00,1.183e+02,8.898e+01
-2.501e+00,4.076e+00,1.428e+02,5.763e+01
-2.046e+00,3.155e+00,1.379e+02,9.170e+01
-2.980e+00,4.178e+00,1.307e+02,6.961e+01
-2.559e+00,2.103e+00,1.195e+02,1.329e+02
-2.410e+00,3.257e+00,1.166e+02,6.112e+01
-2.391e+00,4.594e+00,1.076e+02,1.348e+02
-2.470e+00,4.212e+00,8.711e+01,7.604e+01
-2.052e+00,4.864e+00,9.514e+01,1.188e+02
-2.398e+00,2.610e+00,1.317e+02,1.177e+02
-2.794e+00,3.360e+00,7.990e+01,8.090e+01
-2.235e+00,2.901e+00,6.281e+01,1.496e+02
-2.843e+00,3.350e+00,1.191e+02,8.605e+01
-2.154e+00,4.060e+00,9.905e+01,6.736e+01
-2.706e+00,2.960e+00,1.060e+02,7.325e+01
-2.923e+00,4.665e+00,9.279e+01,1.491e+02
-2.267e+00,3.021e+00,7.359e+01,1.437e+02
-2.457e+00,2.766e+00,7.532e+01,1.077e+02
-2.898e+00,2.004e+00,1.050e+02,8.001e+01
-2.351e+00,3.270e+00,1.376e+02,9.817e+01
-2.919e+00,2.130e+00,1.291e+02,1.105e+02
-2.226e+00,4.329e+00,1.154e+02,1.293e+02
-2.161e+00,4.577e+00,7.717e+01,7.740e+01
-2.841e+00,4.983e+00,1.111e+02,7.180e+01
-2.791e+00,4.974e+00,9.573e+01,7.387e+01
-2.963e+00,2.503e+00,1.349e+02,1.396e+02
-2.037e+00,4.102e+00,1.148e+02,8.178e+01
-2.425e+00,3.047e+00,1.498e+02,1.048e+02
-2.732e+00,2.661e+00,1.100e+02,5.649e+01
-2.903e+00,3.009e+00,1.072e+02,1.035e+02
-2.914e+00,2.907e+00,9.444e+01,8.981e+01
-2.563e+00,4.742e+00,1.346e+02,1.011e+02
-2.762e+00,4.656e+00,9.656e+01,8.753e+01
-2.173e+00,4.126e+00,7.693e+01,8.796e+01
-2.222e+00,4.237e+00,7.250e+01,1.255e+02
-2.535e+00,3.792e+00,1.467e+02,1.250e+02
-2.473e+00,2.893e+00,1.039e+02,1.377e+02
-2.273e+00,3.995e+00,1.431e+02,6.512e+01
-2.139e+00,2.969e+00,9.369e+01,9.466e+01
-2.295e+00,2.183e+00,1.178e+02,1.413e+02
-2.645e+00,4.573e+00,1.065e+02,8.569e+01
-2.336e+00,4.937e+00,6.709e+01,5.216e+01
-2.103e+00,2.999e+00,1.355e+02,1.366e+02
-2.065e+00,3.397e+00,8.404e+01,8.452e+01
-2.789e+00,2.680e+00,1.139e+02,1.397e+02
-2.106e+00,4.382e+00,6.748e+01,5.960e+01
-2.079e+00,3.842e+00,6.289e+01,1.179e+02
-2.279e+00,3.633e+00,1.369e+02,1.154e+02
-2.106e+00,2.034e+00,1.329e+02,1.338e+02
-2.561e+00,2.471e+00,5.461e+01,8.628e+01
-2.705e+00,3.514e+00,6.023e+01,7.207e+01
-2.591e+00,3.263e+00,1.025e+02,1.402e+02
-2.740e+00,3.916e+00,5.815e+01,8.144e+01
-2.177e+00,4.629e+00,1.023e+02,1.071e+02
-2.643e+00,3.691e+00,7.303e+01,9.920e+01
-2.831e+00,4.728e+00,1.181e+02,8.512e+01
-2.957e+00,2.862e+00,9.098e+01,6.912e+01
-2.676e+00,4.568e+00,6.556e+01,1.152e+02
-2.280e+00,2.897e+00,6.327e+01,1.277e+02
-2.067e+00,2.040e+00,1.087e+02,8.188e+01
-2.301e+00,2.670e+00,8.964e+01,1.309e+02
-2.315e+00,4.824e+00,1.142e+02,1.481e+02
-2.754e+00,4.315e+00,5.732e+01,1.111e+02
-2.671e+00,4.956e+00,1.251e+02,8.034e+01
-2.769e+00,4.928e+00,8.041e+01,6.314e+01
-2.821e+00,3.185e+00,1.327e+02,1.062e+02
-2.217e+00,3.164e+00,8.231e+01,1.194e+02
-2.915e+00,2.072e+00,1.045e+02,8.164e+01
-2.058e+00,3.075e+00,5.166e+01,1.469e+02
-2.408e+00,4.376e+00,1.103e+02,9.944e+01
-2.751e+00,3.583e+00,1.491e+02,7.911e+01
-2.668e+00,2.761e+00,1.067e+02,1.028e+02
-2.690e+00,4.779e+00,9.831e+01,1.151e+02
-2.574e+00,3.922e+00,7.012e+01,1.126e+02
-2.257e+00,4.808e+00,6.728e+01,1.024e+02
-2.371e+00,3.818e+00,1.220e+02,1.374e+02
-2.132e+00,4.911e+00,1.081e+02,1.159e+02
-2.576e+00,4.827e+00,8.660e+01,1.320e+02
-2.445e+00,3.951e+00,1.351e+02,9.116e+01
-2.136e+00,2.977e+00,1.436e+02,1.271e+02
-2.288e+00,3.897e+00,6.491e+01,1.220e+02
-2.509e+00,4.198e+00,1.054e+02,1.373e+02
-2.035e+00,3.909e+00,1.071e+02,5.731e+01
-2.395e+00,3.483e+00,6.644e+01,1.020e+02
-2.302e+00,2.077e+00,1.245e+02,6.663e+01
-2.192e+00,4.496e+00,1.095e+02,7.958e+01
-2.796e+00,3.756e+00,6.157e+01,5.352e+01
-2.675e+00,4.219e+00,6.786e+01,1.330e+02
-2.338e+00,2.497e+00,6.664e+01,9.570e+01
-2.994e+00,4.954e+00,1.373e+02,1.351e+02
-2.417e+00,2.857e+00,1.218e+02,1.484e+02
-2.637e+00,4.355e+00,1.038e+02,6.438e+01
-2.427e+00,2.984e+00,1.432e+02,5.129e+01
-2.798e+00,3.145e+00,8.642e+01,5.414e+01
-2.185e+00,4.930e+00,1.283e+02,7.852e+01
-2.376e+00,2.991e+00,1.359e+02,1.387e+02
-2.717e+00,2.124e+00,8.175e+01,1.411e+02
-2.276e+00,3.049e+00,1.413e+02,1.487e+02
-2.197e+00,2.716e+00,1.494e+02,5.467e+01
-2.237e+00,4.548e+00,1.007e+02,9.751e+01
-2.990e+00,2.232e+00,6.956e+01,7.455e+01
-2.115e+00,4.140e+00,9.958e+01,1.243e+02
-2.282e+00,4.195e+00,8.456e+01,9.780e+01
-2.780e+00,2.673e+00,7.616e+01,1.146e+02
-2.360e+00,2.388e+00,1.334e+02,7.844e+01
-2.809e+00,3.775e+00,1.347e+02,9.733e+01
-2.127e+00,2.701e+00,6.918e+01,1.406e+02
-2.044e+00,4.942e+00,1.382e+02,1.089e+02
-2.577e+00,2.296e+00,6.090e+01,1.087e+02
-2.399e+00,4.051e+00,8.891e+01,7.356e+01
-2.221e+00,3.459e+00,1.225e+02,5.574e+01
-2.827e+00,2.994e+00,9.085e+01,1.430e+02
-2.772e+00,4.428e+00,9.464e+01,1.480e+02
-2.440e+00,4.623e+00,1.017e+02,1.336e+02
-2.483e+00,3.306e+00,5.741e+01,1.203e+02
-2.206e+00,2.539e+00,1.273e+02,1.006e+02
-2.960e+00,4.747e+00,5.842e+01,1.435e+02
-2.369e+00,2.017e+00,1.482e+02,8.941e+01
-2.848e+00,2.104e+00,6.821e+01,6.936e+01
-2.423e+00,2.936e+00,1.037e+02,6.194e+01
-2.006e+00,2.779e+00,1.176e+02,1.093e+02
-2.584e+00,4.337e+00,1.414e+02,8.488e+01
-2.543e+00,2.281e+00,1.412e+02,1.189e+02
-2.225e+00,3.527e+00,5.555e+01,1.422e+02
-2.183e+00,3.043e+00,1.428e+02,6.203e+01
-2.090e+00,4.775e+00,1.332e+02,6.012e+01
-2.114e+00,4.597e+00,1.158e+02,8.284e+01
-2.389e+00,2.541e+00,1.358e+02,7.996e+01
-2.378e+00,3.461e+00,9.563e+01,9.349e+01
-2.608e+00,3.170e+00,1.332e+02,1.098e+02
-2.770e+00,2.331e+00,6.935e+01,6.389e+01
-2.513e+00,3.437e+00,1.114e+02,7.194e+01
-2.152e+00,3.084e+00,6.466e+01,1.365e+02
-2.178e+00,3.819e+00,5.951e+01,6.535e+01
-2.599e+00,2.178e+00,1.078e+02,5.889e+01
-2.322e+00,3.420e+00,1.003e+02,1.261e+02
-2.430e+00,2.309e+00,1.325e+02,1.037e+02
-2.147e+00,3.121e+00,1.126e+02,8.319e+01
-2.150e+00,3.965e+00,8.093e+01,7.525e+01
-2.443e+00,2.550e+00,5.779e+01,1.145e+02
-2.189e+00,4.254e+00,1.235e+02,1.232e+02
-2.262e+00,2.098e+00,7.055e+01,1.376e+02
-2.741e+00,3.364e+00,7.148e+01,7.551e+01
-2.840e+00,2.159e+00,1.193e+02,9.834e+01
-2.826e+00,3.295e+00,5.472e+01,1.448e+02
-2.068e+00,4.704e+00,1.058e+02,5.086e+01
-2.350e+00,3.001e+00,6.700e+01,1.485e+02
-2.582e+00,2.426e+00,1.435e+02,1.149e+02
-2.571e+00,3.728e+00,1.454e+02,7.161e+01
-2.805e+00,2.276e+00,8.996e+01,1.438e+02
-2.652e+00,4.320e+00,5.725e+01,1.111e+02
-2.418e+00,3.680e+00,5.314e+01,7.766e+01
-2.710e+00,4.882e+00,1.101e+02,1.268e+02
-2.867e+00,2.782e+00,9.216e+01,1.252e+02
-2.999e+00,4.115e+00,6.190e+01,1.352e+02
-2.369e+00,4.661e+00,9.493e+01,1.129e+02
-2.239e+00,4.645e+00,8.915e+01,1.304e+02
-2.348e+00,2.821e+00,7.754e+01,5.870e+01
-2.087e+00,2.338e+00,6.833e+01,7.250e+01
-2.647e+00,2.436e+00,1.233e+02,1.022e+02
-2.322e+00,4.583e+00,7.775e+01,7.318e+01
-2.644e+00,2.090e+00,1.324e+02,1.029e+02
-2.786e+00,2.069e+00,1.473e+02,6.805e+01
-2.806e+00,3.952e+00,1.484e+02,1.337e+02
-2.318e+00,4.000e+00,8.319e+01,1.191e+02
-2.138e+00,2.334e+00,1.041e+02,7.973e+01
-2.252e+00,4.405e+00,1.285e+02,1.253e+02
-2.946e+00,2.606e+00,1.052e+02,9.470e+01
-2.419e+00,2.688e+00,7.921e+01,8.633e+01
-2.727e+00,3.496e+00,8.836e+01,5.839e+01
-2.337e+00,3.140e+00,1.342e+02,7.575e+01
-2.844e+00,4.637e+00,1.123e+02,1.493e+02
-2.628e+00,3.864e+00,7.912e+01,1.379e+02
-2.265e+00,2.404e+00,6.147e+01,5.805e+01
-2.595e+00,4.206e+00,6.104e+01,1.226e+02
-2.908e+00,4.331e+00,5.115e+01,9.315e+01
-2.623e+00,3.663e+00,1.229e+02,6.940e+01
-2.146e+00,4.409e+00,5.189e+01,5.224e+01
-2.610e+00,4.695e+00,1.490e+02,1.278e+02
-2.427e+00,4.397e+00,8.440e+01,1.498e+02
-2.618e+00,3.730e+00,1.107e+02,1.163e+02
-2.402e+00,2.479e+00,5.511e+01,1.216e+02
-2.882e+00,2.116e+00,1.102e+02,1.398e+02
-2.595e+00,2.884e+00,1.388e+02,1.327e+02
-2.736e+00,4.501e+00,5.085e+01,8.562e+01
-2.222e+00,3.642e+00,9.265e+01,1.192e+02
-2.510e+00,3.067e+00,1.094e+02,9.654e+01
-2.436e+00,2.654e+00,1.339e+02,9.072e+01
-2.485e+00,2.807e+00,5.671e+01,5.690e+01
-2.527e+00,4.020e+00,5.441e+01,9.612e+01
-2.864e+00,3.477e+00,9.502e+01,1.409e+02
-2.345e+00,2.930e+00,5.922e+01,8.702e+01
-2.048e+00,4.440e+00,8.590e+01,1.183e+02
-2.466e+00,3.199e+00,8.483e+01,1.340e+02
-2.688e+00,3.229e+00,5.932e+01,9.631e+01
